sol1 5e-06 1e-05 45000.0 27500.0
sol2 5e-06 1e-05 45000.0 29375.0
sol3 5e-06 1e-05 45000.0 31250.0
sol4 5e-06 1e-05 45000.0 33125.0
sol5 5e-06 1e-05 45000.0 35000.0
sol6 5e-06 1e-05 46250.0 27500.0
sol7 5e-06 1e-05 46250.0 29375.0
sol8 5e-06 1e-05 46250.0 31250.0
sol9 5e-06 1e-05 46250.0 33125.0
sol10 5e-06 1e-05 46250.0 35000.0
sol11 5e-06 1e-05 47500.0 27500.0
sol12 5e-06 1e-05 47500.0 29375.0
sol13 5e-06 1e-05 47500.0 31250.0
sol14 5e-06 1e-05 47500.0 33125.0
sol15 5e-06 1e-05 47500.0 35000.0
sol16 5e-06 1e-05 48750.0 27500.0
sol17 5e-06 1e-05 48750.0 29375.0
sol18 5e-06 1e-05 48750.0 31250.0
sol19 5e-06 1e-05 48750.0 33125.0
sol20 5e-06 1e-05 48750.0 35000.0
sol21 5e-06 1e-05 50000.0 27500.0
sol22 5e-06 1e-05 50000.0 29375.0
sol23 5e-06 1e-05 50000.0 31250.0
sol24 5e-06 1e-05 50000.0 33125.0
sol25 5e-06 1e-05 50000.0 35000.0
sol26 5e-06 1.125e-05 45000.0 27500.0
sol27 5e-06 1.125e-05 45000.0 29375.0
sol28 5e-06 1.125e-05 45000.0 31250.0
sol29 5e-06 1.125e-05 45000.0 33125.0
sol30 5e-06 1.125e-05 45000.0 35000.0
sol31 5e-06 1.125e-05 46250.0 27500.0
sol32 5e-06 1.125e-05 46250.0 29375.0
sol33 5e-06 1.125e-05 46250.0 31250.0
sol34 5e-06 1.125e-05 46250.0 33125.0
sol35 5e-06 1.125e-05 46250.0 35000.0
sol36 5e-06 1.125e-05 47500.0 27500.0
sol37 5e-06 1.125e-05 47500.0 29375.0
sol38 5e-06 1.125e-05 47500.0 31250.0
sol39 5e-06 1.125e-05 47500.0 33125.0
sol40 5e-06 1.125e-05 47500.0 35000.0
sol41 5e-06 1.125e-05 48750.0 27500.0
sol42 5e-06 1.125e-05 48750.0 29375.0
sol43 5e-06 1.125e-05 48750.0 31250.0
sol44 5e-06 1.125e-05 48750.0 33125.0
sol45 5e-06 1.125e-05 48750.0 35000.0
sol46 5e-06 1.125e-05 50000.0 27500.0
sol47 5e-06 1.125e-05 50000.0 29375.0
sol48 5e-06 1.125e-05 50000.0 31250.0
sol49 5e-06 1.125e-05 50000.0 33125.0
sol50 5e-06 1.125e-05 50000.0 35000.0
sol51 5e-06 1.25e-05 45000.0 27500.0
sol52 5e-06 1.25e-05 45000.0 29375.0
sol53 5e-06 1.25e-05 45000.0 31250.0
sol54 5e-06 1.25e-05 45000.0 33125.0
sol55 5e-06 1.25e-05 45000.0 35000.0
sol56 5e-06 1.25e-05 46250.0 27500.0
sol57 5e-06 1.25e-05 46250.0 29375.0
sol58 5e-06 1.25e-05 46250.0 31250.0
sol59 5e-06 1.25e-05 46250.0 33125.0
sol60 5e-06 1.25e-05 46250.0 35000.0
sol61 5e-06 1.25e-05 47500.0 27500.0
sol62 5e-06 1.25e-05 47500.0 29375.0
sol63 5e-06 1.25e-05 47500.0 31250.0
sol64 5e-06 1.25e-05 47500.0 33125.0
sol65 5e-06 1.25e-05 47500.0 35000.0
sol66 5e-06 1.25e-05 48750.0 27500.0
sol67 5e-06 1.25e-05 48750.0 29375.0
sol68 5e-06 1.25e-05 48750.0 31250.0
sol69 5e-06 1.25e-05 48750.0 33125.0
sol70 5e-06 1.25e-05 48750.0 35000.0
sol71 5e-06 1.25e-05 50000.0 27500.0
sol72 5e-06 1.25e-05 50000.0 29375.0
sol73 5e-06 1.25e-05 50000.0 31250.0
sol74 5e-06 1.25e-05 50000.0 33125.0
sol75 5e-06 1.25e-05 50000.0 35000.0
sol76 5e-06 1.375e-05 45000.0 27500.0
sol77 5e-06 1.375e-05 45000.0 29375.0
sol78 5e-06 1.375e-05 45000.0 31250.0
sol79 5e-06 1.375e-05 45000.0 33125.0
sol80 5e-06 1.375e-05 45000.0 35000.0
sol81 5e-06 1.375e-05 46250.0 27500.0
sol82 5e-06 1.375e-05 46250.0 29375.0
sol83 5e-06 1.375e-05 46250.0 31250.0
sol84 5e-06 1.375e-05 46250.0 33125.0
sol85 5e-06 1.375e-05 46250.0 35000.0
sol86 5e-06 1.375e-05 47500.0 27500.0
sol87 5e-06 1.375e-05 47500.0 29375.0
sol88 5e-06 1.375e-05 47500.0 31250.0
sol89 5e-06 1.375e-05 47500.0 33125.0
sol90 5e-06 1.375e-05 47500.0 35000.0
sol91 5e-06 1.375e-05 48750.0 27500.0
sol92 5e-06 1.375e-05 48750.0 29375.0
sol93 5e-06 1.375e-05 48750.0 31250.0
sol94 5e-06 1.375e-05 48750.0 33125.0
sol95 5e-06 1.375e-05 48750.0 35000.0
sol96 5e-06 1.375e-05 50000.0 27500.0
sol97 5e-06 1.375e-05 50000.0 29375.0
sol98 5e-06 1.375e-05 50000.0 31250.0
sol99 5e-06 1.375e-05 50000.0 33125.0
sol100 5e-06 1.375e-05 50000.0 35000.0
sol101 5e-06 1.5e-05 45000.0 27500.0
sol102 5e-06 1.5e-05 45000.0 29375.0
sol103 5e-06 1.5e-05 45000.0 31250.0
sol104 5e-06 1.5e-05 45000.0 33125.0
sol105 5e-06 1.5e-05 45000.0 35000.0
sol106 5e-06 1.5e-05 46250.0 27500.0
sol107 5e-06 1.5e-05 46250.0 29375.0
sol108 5e-06 1.5e-05 46250.0 31250.0
sol109 5e-06 1.5e-05 46250.0 33125.0
sol110 5e-06 1.5e-05 46250.0 35000.0
sol111 5e-06 1.5e-05 47500.0 27500.0
sol112 5e-06 1.5e-05 47500.0 29375.0
sol113 5e-06 1.5e-05 47500.0 31250.0
sol114 5e-06 1.5e-05 47500.0 33125.0
sol115 5e-06 1.5e-05 47500.0 35000.0
sol116 5e-06 1.5e-05 48750.0 27500.0
sol117 5e-06 1.5e-05 48750.0 29375.0
sol118 5e-06 1.5e-05 48750.0 31250.0
sol119 5e-06 1.5e-05 48750.0 33125.0
sol120 5e-06 1.5e-05 48750.0 35000.0
sol121 5e-06 1.5e-05 50000.0 27500.0
sol122 5e-06 1.5e-05 50000.0 29375.0
sol123 5e-06 1.5e-05 50000.0 31250.0
sol124 5e-06 1.5e-05 50000.0 33125.0
sol125 5e-06 1.5e-05 50000.0 35000.0
sol126 5.625e-06 1e-05 45000.0 27500.0
sol127 5.625e-06 1e-05 45000.0 29375.0
sol128 5.625e-06 1e-05 45000.0 31250.0
sol129 5.625e-06 1e-05 45000.0 33125.0
sol130 5.625e-06 1e-05 45000.0 35000.0
sol131 5.625e-06 1e-05 46250.0 27500.0
sol132 5.625e-06 1e-05 46250.0 29375.0
sol133 5.625e-06 1e-05 46250.0 31250.0
sol134 5.625e-06 1e-05 46250.0 33125.0
sol135 5.625e-06 1e-05 46250.0 35000.0
sol136 5.625e-06 1e-05 47500.0 27500.0
sol137 5.625e-06 1e-05 47500.0 29375.0
sol138 5.625e-06 1e-05 47500.0 31250.0
sol139 5.625e-06 1e-05 47500.0 33125.0
sol140 5.625e-06 1e-05 47500.0 35000.0
sol141 5.625e-06 1e-05 48750.0 27500.0
sol142 5.625e-06 1e-05 48750.0 29375.0
sol143 5.625e-06 1e-05 48750.0 31250.0
sol144 5.625e-06 1e-05 48750.0 33125.0
sol145 5.625e-06 1e-05 48750.0 35000.0
sol146 5.625e-06 1e-05 50000.0 27500.0
sol147 5.625e-06 1e-05 50000.0 29375.0
sol148 5.625e-06 1e-05 50000.0 31250.0
sol149 5.625e-06 1e-05 50000.0 33125.0
sol150 5.625e-06 1e-05 50000.0 35000.0
sol151 5.625e-06 1.125e-05 45000.0 27500.0
sol152 5.625e-06 1.125e-05 45000.0 29375.0
sol153 5.625e-06 1.125e-05 45000.0 31250.0
sol154 5.625e-06 1.125e-05 45000.0 33125.0
sol155 5.625e-06 1.125e-05 45000.0 35000.0
sol156 5.625e-06 1.125e-05 46250.0 27500.0
sol157 5.625e-06 1.125e-05 46250.0 29375.0
sol158 5.625e-06 1.125e-05 46250.0 31250.0
sol159 5.625e-06 1.125e-05 46250.0 33125.0
sol160 5.625e-06 1.125e-05 46250.0 35000.0
sol161 5.625e-06 1.125e-05 47500.0 27500.0
sol162 5.625e-06 1.125e-05 47500.0 29375.0
sol163 5.625e-06 1.125e-05 47500.0 31250.0
sol164 5.625e-06 1.125e-05 47500.0 33125.0
sol165 5.625e-06 1.125e-05 47500.0 35000.0
sol166 5.625e-06 1.125e-05 48750.0 27500.0
sol167 5.625e-06 1.125e-05 48750.0 29375.0
sol168 5.625e-06 1.125e-05 48750.0 31250.0
sol169 5.625e-06 1.125e-05 48750.0 33125.0
sol170 5.625e-06 1.125e-05 48750.0 35000.0
sol171 5.625e-06 1.125e-05 50000.0 27500.0
sol172 5.625e-06 1.125e-05 50000.0 29375.0
sol173 5.625e-06 1.125e-05 50000.0 31250.0
sol174 5.625e-06 1.125e-05 50000.0 33125.0
sol175 5.625e-06 1.125e-05 50000.0 35000.0
sol176 5.625e-06 1.25e-05 45000.0 27500.0
sol177 5.625e-06 1.25e-05 45000.0 29375.0
sol178 5.625e-06 1.25e-05 45000.0 31250.0
sol179 5.625e-06 1.25e-05 45000.0 33125.0
sol180 5.625e-06 1.25e-05 45000.0 35000.0
sol181 5.625e-06 1.25e-05 46250.0 27500.0
sol182 5.625e-06 1.25e-05 46250.0 29375.0
sol183 5.625e-06 1.25e-05 46250.0 31250.0
sol184 5.625e-06 1.25e-05 46250.0 33125.0
sol185 5.625e-06 1.25e-05 46250.0 35000.0
sol186 5.625e-06 1.25e-05 47500.0 27500.0
sol187 5.625e-06 1.25e-05 47500.0 29375.0
sol188 5.625e-06 1.25e-05 47500.0 31250.0
sol189 5.625e-06 1.25e-05 47500.0 33125.0
sol190 5.625e-06 1.25e-05 47500.0 35000.0
sol191 5.625e-06 1.25e-05 48750.0 27500.0
sol192 5.625e-06 1.25e-05 48750.0 29375.0
sol193 5.625e-06 1.25e-05 48750.0 31250.0
sol194 5.625e-06 1.25e-05 48750.0 33125.0
sol195 5.625e-06 1.25e-05 48750.0 35000.0
sol196 5.625e-06 1.25e-05 50000.0 27500.0
sol197 5.625e-06 1.25e-05 50000.0 29375.0
sol198 5.625e-06 1.25e-05 50000.0 31250.0
sol199 5.625e-06 1.25e-05 50000.0 33125.0
sol200 5.625e-06 1.25e-05 50000.0 35000.0
sol201 5.625e-06 1.375e-05 45000.0 27500.0
sol202 5.625e-06 1.375e-05 45000.0 29375.0
sol203 5.625e-06 1.375e-05 45000.0 31250.0
sol204 5.625e-06 1.375e-05 45000.0 33125.0
sol205 5.625e-06 1.375e-05 45000.0 35000.0
sol206 5.625e-06 1.375e-05 46250.0 27500.0
sol207 5.625e-06 1.375e-05 46250.0 29375.0
sol208 5.625e-06 1.375e-05 46250.0 31250.0
sol209 5.625e-06 1.375e-05 46250.0 33125.0
sol210 5.625e-06 1.375e-05 46250.0 35000.0
sol211 5.625e-06 1.375e-05 47500.0 27500.0
sol212 5.625e-06 1.375e-05 47500.0 29375.0
sol213 5.625e-06 1.375e-05 47500.0 31250.0
sol214 5.625e-06 1.375e-05 47500.0 33125.0
sol215 5.625e-06 1.375e-05 47500.0 35000.0
sol216 5.625e-06 1.375e-05 48750.0 27500.0
sol217 5.625e-06 1.375e-05 48750.0 29375.0
sol218 5.625e-06 1.375e-05 48750.0 31250.0
sol219 5.625e-06 1.375e-05 48750.0 33125.0
sol220 5.625e-06 1.375e-05 48750.0 35000.0
sol221 5.625e-06 1.375e-05 50000.0 27500.0
sol222 5.625e-06 1.375e-05 50000.0 29375.0
sol223 5.625e-06 1.375e-05 50000.0 31250.0
sol224 5.625e-06 1.375e-05 50000.0 33125.0
sol225 5.625e-06 1.375e-05 50000.0 35000.0
sol226 5.625e-06 1.5e-05 45000.0 27500.0
sol227 5.625e-06 1.5e-05 45000.0 29375.0
sol228 5.625e-06 1.5e-05 45000.0 31250.0
sol229 5.625e-06 1.5e-05 45000.0 33125.0
sol230 5.625e-06 1.5e-05 45000.0 35000.0
sol231 5.625e-06 1.5e-05 46250.0 27500.0
sol232 5.625e-06 1.5e-05 46250.0 29375.0
sol233 5.625e-06 1.5e-05 46250.0 31250.0
sol234 5.625e-06 1.5e-05 46250.0 33125.0
sol235 5.625e-06 1.5e-05 46250.0 35000.0
sol236 5.625e-06 1.5e-05 47500.0 27500.0
sol237 5.625e-06 1.5e-05 47500.0 29375.0
sol238 5.625e-06 1.5e-05 47500.0 31250.0
sol239 5.625e-06 1.5e-05 47500.0 33125.0
sol240 5.625e-06 1.5e-05 47500.0 35000.0
sol241 5.625e-06 1.5e-05 48750.0 27500.0
sol242 5.625e-06 1.5e-05 48750.0 29375.0
sol243 5.625e-06 1.5e-05 48750.0 31250.0
sol244 5.625e-06 1.5e-05 48750.0 33125.0
sol245 5.625e-06 1.5e-05 48750.0 35000.0
sol246 5.625e-06 1.5e-05 50000.0 27500.0
sol247 5.625e-06 1.5e-05 50000.0 29375.0
sol248 5.625e-06 1.5e-05 50000.0 31250.0
sol249 5.625e-06 1.5e-05 50000.0 33125.0
sol250 5.625e-06 1.5e-05 50000.0 35000.0
sol251 6.25e-06 1e-05 45000.0 27500.0
sol252 6.25e-06 1e-05 45000.0 29375.0
sol253 6.25e-06 1e-05 45000.0 31250.0
sol254 6.25e-06 1e-05 45000.0 33125.0
sol255 6.25e-06 1e-05 45000.0 35000.0
sol256 6.25e-06 1e-05 46250.0 27500.0
sol257 6.25e-06 1e-05 46250.0 29375.0
sol258 6.25e-06 1e-05 46250.0 31250.0
sol259 6.25e-06 1e-05 46250.0 33125.0
sol260 6.25e-06 1e-05 46250.0 35000.0
sol261 6.25e-06 1e-05 47500.0 27500.0
sol262 6.25e-06 1e-05 47500.0 29375.0
sol263 6.25e-06 1e-05 47500.0 31250.0
sol264 6.25e-06 1e-05 47500.0 33125.0
sol265 6.25e-06 1e-05 47500.0 35000.0
sol266 6.25e-06 1e-05 48750.0 27500.0
sol267 6.25e-06 1e-05 48750.0 29375.0
sol268 6.25e-06 1e-05 48750.0 31250.0
sol269 6.25e-06 1e-05 48750.0 33125.0
sol270 6.25e-06 1e-05 48750.0 35000.0
sol271 6.25e-06 1e-05 50000.0 27500.0
sol272 6.25e-06 1e-05 50000.0 29375.0
sol273 6.25e-06 1e-05 50000.0 31250.0
sol274 6.25e-06 1e-05 50000.0 33125.0
sol275 6.25e-06 1e-05 50000.0 35000.0
sol276 6.25e-06 1.125e-05 45000.0 27500.0
sol277 6.25e-06 1.125e-05 45000.0 29375.0
sol278 6.25e-06 1.125e-05 45000.0 31250.0
sol279 6.25e-06 1.125e-05 45000.0 33125.0
sol280 6.25e-06 1.125e-05 45000.0 35000.0
sol281 6.25e-06 1.125e-05 46250.0 27500.0
sol282 6.25e-06 1.125e-05 46250.0 29375.0
sol283 6.25e-06 1.125e-05 46250.0 31250.0
sol284 6.25e-06 1.125e-05 46250.0 33125.0
sol285 6.25e-06 1.125e-05 46250.0 35000.0
sol286 6.25e-06 1.125e-05 47500.0 27500.0
sol287 6.25e-06 1.125e-05 47500.0 29375.0
sol288 6.25e-06 1.125e-05 47500.0 31250.0
sol289 6.25e-06 1.125e-05 47500.0 33125.0
sol290 6.25e-06 1.125e-05 47500.0 35000.0
sol291 6.25e-06 1.125e-05 48750.0 27500.0
sol292 6.25e-06 1.125e-05 48750.0 29375.0
sol293 6.25e-06 1.125e-05 48750.0 31250.0
sol294 6.25e-06 1.125e-05 48750.0 33125.0
sol295 6.25e-06 1.125e-05 48750.0 35000.0
sol296 6.25e-06 1.125e-05 50000.0 27500.0
sol297 6.25e-06 1.125e-05 50000.0 29375.0
sol298 6.25e-06 1.125e-05 50000.0 31250.0
sol299 6.25e-06 1.125e-05 50000.0 33125.0
sol300 6.25e-06 1.125e-05 50000.0 35000.0
sol301 6.25e-06 1.25e-05 45000.0 27500.0
sol302 6.25e-06 1.25e-05 45000.0 29375.0
sol303 6.25e-06 1.25e-05 45000.0 31250.0
sol304 6.25e-06 1.25e-05 45000.0 33125.0
sol305 6.25e-06 1.25e-05 45000.0 35000.0
sol306 6.25e-06 1.25e-05 46250.0 27500.0
sol307 6.25e-06 1.25e-05 46250.0 29375.0
sol308 6.25e-06 1.25e-05 46250.0 31250.0
sol309 6.25e-06 1.25e-05 46250.0 33125.0
sol310 6.25e-06 1.25e-05 46250.0 35000.0
sol311 6.25e-06 1.25e-05 47500.0 27500.0
sol312 6.25e-06 1.25e-05 47500.0 29375.0
sol313 6.25e-06 1.25e-05 47500.0 31250.0
sol314 6.25e-06 1.25e-05 47500.0 33125.0
sol315 6.25e-06 1.25e-05 47500.0 35000.0
sol316 6.25e-06 1.25e-05 48750.0 27500.0
sol317 6.25e-06 1.25e-05 48750.0 29375.0
sol318 6.25e-06 1.25e-05 48750.0 31250.0
sol319 6.25e-06 1.25e-05 48750.0 33125.0
sol320 6.25e-06 1.25e-05 48750.0 35000.0
sol321 6.25e-06 1.25e-05 50000.0 27500.0
sol322 6.25e-06 1.25e-05 50000.0 29375.0
sol323 6.25e-06 1.25e-05 50000.0 31250.0
sol324 6.25e-06 1.25e-05 50000.0 33125.0
sol325 6.25e-06 1.25e-05 50000.0 35000.0
sol326 6.25e-06 1.375e-05 45000.0 27500.0
sol327 6.25e-06 1.375e-05 45000.0 29375.0
sol328 6.25e-06 1.375e-05 45000.0 31250.0
sol329 6.25e-06 1.375e-05 45000.0 33125.0
sol330 6.25e-06 1.375e-05 45000.0 35000.0
sol331 6.25e-06 1.375e-05 46250.0 27500.0
sol332 6.25e-06 1.375e-05 46250.0 29375.0
sol333 6.25e-06 1.375e-05 46250.0 31250.0
sol334 6.25e-06 1.375e-05 46250.0 33125.0
sol335 6.25e-06 1.375e-05 46250.0 35000.0
sol336 6.25e-06 1.375e-05 47500.0 27500.0
sol337 6.25e-06 1.375e-05 47500.0 29375.0
sol338 6.25e-06 1.375e-05 47500.0 31250.0
sol339 6.25e-06 1.375e-05 47500.0 33125.0
sol340 6.25e-06 1.375e-05 47500.0 35000.0
sol341 6.25e-06 1.375e-05 48750.0 27500.0
sol342 6.25e-06 1.375e-05 48750.0 29375.0
sol343 6.25e-06 1.375e-05 48750.0 31250.0
sol344 6.25e-06 1.375e-05 48750.0 33125.0
sol345 6.25e-06 1.375e-05 48750.0 35000.0
sol346 6.25e-06 1.375e-05 50000.0 27500.0
sol347 6.25e-06 1.375e-05 50000.0 29375.0
sol348 6.25e-06 1.375e-05 50000.0 31250.0
sol349 6.25e-06 1.375e-05 50000.0 33125.0
sol350 6.25e-06 1.375e-05 50000.0 35000.0
sol351 6.25e-06 1.5e-05 45000.0 27500.0
sol352 6.25e-06 1.5e-05 45000.0 29375.0
sol353 6.25e-06 1.5e-05 45000.0 31250.0
sol354 6.25e-06 1.5e-05 45000.0 33125.0
sol355 6.25e-06 1.5e-05 45000.0 35000.0
sol356 6.25e-06 1.5e-05 46250.0 27500.0
sol357 6.25e-06 1.5e-05 46250.0 29375.0
sol358 6.25e-06 1.5e-05 46250.0 31250.0
sol359 6.25e-06 1.5e-05 46250.0 33125.0
sol360 6.25e-06 1.5e-05 46250.0 35000.0
sol361 6.25e-06 1.5e-05 47500.0 27500.0
sol362 6.25e-06 1.5e-05 47500.0 29375.0
sol363 6.25e-06 1.5e-05 47500.0 31250.0
sol364 6.25e-06 1.5e-05 47500.0 33125.0
sol365 6.25e-06 1.5e-05 47500.0 35000.0
sol366 6.25e-06 1.5e-05 48750.0 27500.0
sol367 6.25e-06 1.5e-05 48750.0 29375.0
sol368 6.25e-06 1.5e-05 48750.0 31250.0
sol369 6.25e-06 1.5e-05 48750.0 33125.0
sol370 6.25e-06 1.5e-05 48750.0 35000.0
sol371 6.25e-06 1.5e-05 50000.0 27500.0
sol372 6.25e-06 1.5e-05 50000.0 29375.0
sol373 6.25e-06 1.5e-05 50000.0 31250.0
sol374 6.25e-06 1.5e-05 50000.0 33125.0
sol375 6.25e-06 1.5e-05 50000.0 35000.0
sol376 6.875e-06 1e-05 45000.0 27500.0
sol377 6.875e-06 1e-05 45000.0 29375.0
sol378 6.875e-06 1e-05 45000.0 31250.0
sol379 6.875e-06 1e-05 45000.0 33125.0
sol380 6.875e-06 1e-05 45000.0 35000.0
sol381 6.875e-06 1e-05 46250.0 27500.0
sol382 6.875e-06 1e-05 46250.0 29375.0
sol383 6.875e-06 1e-05 46250.0 31250.0
sol384 6.875e-06 1e-05 46250.0 33125.0
sol385 6.875e-06 1e-05 46250.0 35000.0
sol386 6.875e-06 1e-05 47500.0 27500.0
sol387 6.875e-06 1e-05 47500.0 29375.0
sol388 6.875e-06 1e-05 47500.0 31250.0
sol389 6.875e-06 1e-05 47500.0 33125.0
sol390 6.875e-06 1e-05 47500.0 35000.0
sol391 6.875e-06 1e-05 48750.0 27500.0
sol392 6.875e-06 1e-05 48750.0 29375.0
sol393 6.875e-06 1e-05 48750.0 31250.0
sol394 6.875e-06 1e-05 48750.0 33125.0
sol395 6.875e-06 1e-05 48750.0 35000.0
sol396 6.875e-06 1e-05 50000.0 27500.0
sol397 6.875e-06 1e-05 50000.0 29375.0
sol398 6.875e-06 1e-05 50000.0 31250.0
sol399 6.875e-06 1e-05 50000.0 33125.0
sol400 6.875e-06 1e-05 50000.0 35000.0
sol401 6.875e-06 1.125e-05 45000.0 27500.0
sol402 6.875e-06 1.125e-05 45000.0 29375.0
sol403 6.875e-06 1.125e-05 45000.0 31250.0
sol404 6.875e-06 1.125e-05 45000.0 33125.0
sol405 6.875e-06 1.125e-05 45000.0 35000.0
sol406 6.875e-06 1.125e-05 46250.0 27500.0
sol407 6.875e-06 1.125e-05 46250.0 29375.0
sol408 6.875e-06 1.125e-05 46250.0 31250.0
sol409 6.875e-06 1.125e-05 46250.0 33125.0
sol410 6.875e-06 1.125e-05 46250.0 35000.0
sol411 6.875e-06 1.125e-05 47500.0 27500.0
sol412 6.875e-06 1.125e-05 47500.0 29375.0
sol413 6.875e-06 1.125e-05 47500.0 31250.0
sol414 6.875e-06 1.125e-05 47500.0 33125.0
sol415 6.875e-06 1.125e-05 47500.0 35000.0
sol416 6.875e-06 1.125e-05 48750.0 27500.0
sol417 6.875e-06 1.125e-05 48750.0 29375.0
sol418 6.875e-06 1.125e-05 48750.0 31250.0
sol419 6.875e-06 1.125e-05 48750.0 33125.0
sol420 6.875e-06 1.125e-05 48750.0 35000.0
sol421 6.875e-06 1.125e-05 50000.0 27500.0
sol422 6.875e-06 1.125e-05 50000.0 29375.0
sol423 6.875e-06 1.125e-05 50000.0 31250.0
sol424 6.875e-06 1.125e-05 50000.0 33125.0
sol425 6.875e-06 1.125e-05 50000.0 35000.0
sol426 6.875e-06 1.25e-05 45000.0 27500.0
sol427 6.875e-06 1.25e-05 45000.0 29375.0
sol428 6.875e-06 1.25e-05 45000.0 31250.0
sol429 6.875e-06 1.25e-05 45000.0 33125.0
sol430 6.875e-06 1.25e-05 45000.0 35000.0
sol431 6.875e-06 1.25e-05 46250.0 27500.0
sol432 6.875e-06 1.25e-05 46250.0 29375.0
sol433 6.875e-06 1.25e-05 46250.0 31250.0
sol434 6.875e-06 1.25e-05 46250.0 33125.0
sol435 6.875e-06 1.25e-05 46250.0 35000.0
sol436 6.875e-06 1.25e-05 47500.0 27500.0
sol437 6.875e-06 1.25e-05 47500.0 29375.0
sol438 6.875e-06 1.25e-05 47500.0 31250.0
sol439 6.875e-06 1.25e-05 47500.0 33125.0
sol440 6.875e-06 1.25e-05 47500.0 35000.0
sol441 6.875e-06 1.25e-05 48750.0 27500.0
sol442 6.875e-06 1.25e-05 48750.0 29375.0
sol443 6.875e-06 1.25e-05 48750.0 31250.0
sol444 6.875e-06 1.25e-05 48750.0 33125.0
sol445 6.875e-06 1.25e-05 48750.0 35000.0
sol446 6.875e-06 1.25e-05 50000.0 27500.0
sol447 6.875e-06 1.25e-05 50000.0 29375.0
sol448 6.875e-06 1.25e-05 50000.0 31250.0
sol449 6.875e-06 1.25e-05 50000.0 33125.0
sol450 6.875e-06 1.25e-05 50000.0 35000.0
sol451 6.875e-06 1.375e-05 45000.0 27500.0
sol452 6.875e-06 1.375e-05 45000.0 29375.0
sol453 6.875e-06 1.375e-05 45000.0 31250.0
sol454 6.875e-06 1.375e-05 45000.0 33125.0
sol455 6.875e-06 1.375e-05 45000.0 35000.0
sol456 6.875e-06 1.375e-05 46250.0 27500.0
sol457 6.875e-06 1.375e-05 46250.0 29375.0
sol458 6.875e-06 1.375e-05 46250.0 31250.0
sol459 6.875e-06 1.375e-05 46250.0 33125.0
sol460 6.875e-06 1.375e-05 46250.0 35000.0
sol461 6.875e-06 1.375e-05 47500.0 27500.0
sol462 6.875e-06 1.375e-05 47500.0 29375.0
sol463 6.875e-06 1.375e-05 47500.0 31250.0
sol464 6.875e-06 1.375e-05 47500.0 33125.0
sol465 6.875e-06 1.375e-05 47500.0 35000.0
sol466 6.875e-06 1.375e-05 48750.0 27500.0
sol467 6.875e-06 1.375e-05 48750.0 29375.0
sol468 6.875e-06 1.375e-05 48750.0 31250.0
sol469 6.875e-06 1.375e-05 48750.0 33125.0
sol470 6.875e-06 1.375e-05 48750.0 35000.0
sol471 6.875e-06 1.375e-05 50000.0 27500.0
sol472 6.875e-06 1.375e-05 50000.0 29375.0
sol473 6.875e-06 1.375e-05 50000.0 31250.0
sol474 6.875e-06 1.375e-05 50000.0 33125.0
sol475 6.875e-06 1.375e-05 50000.0 35000.0
sol476 6.875e-06 1.5e-05 45000.0 27500.0
sol477 6.875e-06 1.5e-05 45000.0 29375.0
sol478 6.875e-06 1.5e-05 45000.0 31250.0
sol479 6.875e-06 1.5e-05 45000.0 33125.0
sol480 6.875e-06 1.5e-05 45000.0 35000.0
sol481 6.875e-06 1.5e-05 46250.0 27500.0
sol482 6.875e-06 1.5e-05 46250.0 29375.0
sol483 6.875e-06 1.5e-05 46250.0 31250.0
sol484 6.875e-06 1.5e-05 46250.0 33125.0
sol485 6.875e-06 1.5e-05 46250.0 35000.0
sol486 6.875e-06 1.5e-05 47500.0 27500.0
sol487 6.875e-06 1.5e-05 47500.0 29375.0
sol488 6.875e-06 1.5e-05 47500.0 31250.0
sol489 6.875e-06 1.5e-05 47500.0 33125.0
sol490 6.875e-06 1.5e-05 47500.0 35000.0
sol491 6.875e-06 1.5e-05 48750.0 27500.0
sol492 6.875e-06 1.5e-05 48750.0 29375.0
sol493 6.875e-06 1.5e-05 48750.0 31250.0
sol494 6.875e-06 1.5e-05 48750.0 33125.0
sol495 6.875e-06 1.5e-05 48750.0 35000.0
sol496 6.875e-06 1.5e-05 50000.0 27500.0
sol497 6.875e-06 1.5e-05 50000.0 29375.0
sol498 6.875e-06 1.5e-05 50000.0 31250.0
sol499 6.875e-06 1.5e-05 50000.0 33125.0
sol500 6.875e-06 1.5e-05 50000.0 35000.0
sol501 7.5e-06 1e-05 45000.0 27500.0
sol502 7.5e-06 1e-05 45000.0 29375.0
sol503 7.5e-06 1e-05 45000.0 31250.0
sol504 7.5e-06 1e-05 45000.0 33125.0
sol505 7.5e-06 1e-05 45000.0 35000.0
sol506 7.5e-06 1e-05 46250.0 27500.0
sol507 7.5e-06 1e-05 46250.0 29375.0
sol508 7.5e-06 1e-05 46250.0 31250.0
sol509 7.5e-06 1e-05 46250.0 33125.0
sol510 7.5e-06 1e-05 46250.0 35000.0
sol511 7.5e-06 1e-05 47500.0 27500.0
sol512 7.5e-06 1e-05 47500.0 29375.0
sol513 7.5e-06 1e-05 47500.0 31250.0
sol514 7.5e-06 1e-05 47500.0 33125.0
sol515 7.5e-06 1e-05 47500.0 35000.0
sol516 7.5e-06 1e-05 48750.0 27500.0
sol517 7.5e-06 1e-05 48750.0 29375.0
sol518 7.5e-06 1e-05 48750.0 31250.0
sol519 7.5e-06 1e-05 48750.0 33125.0
sol520 7.5e-06 1e-05 48750.0 35000.0
sol521 7.5e-06 1e-05 50000.0 27500.0
sol522 7.5e-06 1e-05 50000.0 29375.0
sol523 7.5e-06 1e-05 50000.0 31250.0
sol524 7.5e-06 1e-05 50000.0 33125.0
sol525 7.5e-06 1e-05 50000.0 35000.0
sol526 7.5e-06 1.125e-05 45000.0 27500.0
sol527 7.5e-06 1.125e-05 45000.0 29375.0
sol528 7.5e-06 1.125e-05 45000.0 31250.0
sol529 7.5e-06 1.125e-05 45000.0 33125.0
sol530 7.5e-06 1.125e-05 45000.0 35000.0
sol531 7.5e-06 1.125e-05 46250.0 27500.0
sol532 7.5e-06 1.125e-05 46250.0 29375.0
sol533 7.5e-06 1.125e-05 46250.0 31250.0
sol534 7.5e-06 1.125e-05 46250.0 33125.0
sol535 7.5e-06 1.125e-05 46250.0 35000.0
sol536 7.5e-06 1.125e-05 47500.0 27500.0
sol537 7.5e-06 1.125e-05 47500.0 29375.0
sol538 7.5e-06 1.125e-05 47500.0 31250.0
sol539 7.5e-06 1.125e-05 47500.0 33125.0
sol540 7.5e-06 1.125e-05 47500.0 35000.0
sol541 7.5e-06 1.125e-05 48750.0 27500.0
sol542 7.5e-06 1.125e-05 48750.0 29375.0
sol543 7.5e-06 1.125e-05 48750.0 31250.0
sol544 7.5e-06 1.125e-05 48750.0 33125.0
sol545 7.5e-06 1.125e-05 48750.0 35000.0
sol546 7.5e-06 1.125e-05 50000.0 27500.0
sol547 7.5e-06 1.125e-05 50000.0 29375.0
sol548 7.5e-06 1.125e-05 50000.0 31250.0
sol549 7.5e-06 1.125e-05 50000.0 33125.0
sol550 7.5e-06 1.125e-05 50000.0 35000.0
sol551 7.5e-06 1.25e-05 45000.0 27500.0
sol552 7.5e-06 1.25e-05 45000.0 29375.0
sol553 7.5e-06 1.25e-05 45000.0 31250.0
sol554 7.5e-06 1.25e-05 45000.0 33125.0
sol555 7.5e-06 1.25e-05 45000.0 35000.0
sol556 7.5e-06 1.25e-05 46250.0 27500.0
sol557 7.5e-06 1.25e-05 46250.0 29375.0
sol558 7.5e-06 1.25e-05 46250.0 31250.0
sol559 7.5e-06 1.25e-05 46250.0 33125.0
sol560 7.5e-06 1.25e-05 46250.0 35000.0
sol561 7.5e-06 1.25e-05 47500.0 27500.0
sol562 7.5e-06 1.25e-05 47500.0 29375.0
sol563 7.5e-06 1.25e-05 47500.0 31250.0
sol564 7.5e-06 1.25e-05 47500.0 33125.0
sol565 7.5e-06 1.25e-05 47500.0 35000.0
sol566 7.5e-06 1.25e-05 48750.0 27500.0
sol567 7.5e-06 1.25e-05 48750.0 29375.0
sol568 7.5e-06 1.25e-05 48750.0 31250.0
sol569 7.5e-06 1.25e-05 48750.0 33125.0
sol570 7.5e-06 1.25e-05 48750.0 35000.0
sol571 7.5e-06 1.25e-05 50000.0 27500.0
sol572 7.5e-06 1.25e-05 50000.0 29375.0
sol573 7.5e-06 1.25e-05 50000.0 31250.0
sol574 7.5e-06 1.25e-05 50000.0 33125.0
sol575 7.5e-06 1.25e-05 50000.0 35000.0
sol576 7.5e-06 1.375e-05 45000.0 27500.0
sol577 7.5e-06 1.375e-05 45000.0 29375.0
sol578 7.5e-06 1.375e-05 45000.0 31250.0
sol579 7.5e-06 1.375e-05 45000.0 33125.0
sol580 7.5e-06 1.375e-05 45000.0 35000.0
sol581 7.5e-06 1.375e-05 46250.0 27500.0
sol582 7.5e-06 1.375e-05 46250.0 29375.0
sol583 7.5e-06 1.375e-05 46250.0 31250.0
sol584 7.5e-06 1.375e-05 46250.0 33125.0
sol585 7.5e-06 1.375e-05 46250.0 35000.0
sol586 7.5e-06 1.375e-05 47500.0 27500.0
sol587 7.5e-06 1.375e-05 47500.0 29375.0
sol588 7.5e-06 1.375e-05 47500.0 31250.0
sol589 7.5e-06 1.375e-05 47500.0 33125.0
sol590 7.5e-06 1.375e-05 47500.0 35000.0
sol591 7.5e-06 1.375e-05 48750.0 27500.0
sol592 7.5e-06 1.375e-05 48750.0 29375.0
sol593 7.5e-06 1.375e-05 48750.0 31250.0
sol594 7.5e-06 1.375e-05 48750.0 33125.0
sol595 7.5e-06 1.375e-05 48750.0 35000.0
sol596 7.5e-06 1.375e-05 50000.0 27500.0
sol597 7.5e-06 1.375e-05 50000.0 29375.0
sol598 7.5e-06 1.375e-05 50000.0 31250.0
sol599 7.5e-06 1.375e-05 50000.0 33125.0
sol600 7.5e-06 1.375e-05 50000.0 35000.0
sol601 7.5e-06 1.5e-05 45000.0 27500.0
sol602 7.5e-06 1.5e-05 45000.0 29375.0
sol603 7.5e-06 1.5e-05 45000.0 31250.0
sol604 7.5e-06 1.5e-05 45000.0 33125.0
sol605 7.5e-06 1.5e-05 45000.0 35000.0
sol606 7.5e-06 1.5e-05 46250.0 27500.0
sol607 7.5e-06 1.5e-05 46250.0 29375.0
sol608 7.5e-06 1.5e-05 46250.0 31250.0
sol609 7.5e-06 1.5e-05 46250.0 33125.0
sol610 7.5e-06 1.5e-05 46250.0 35000.0
sol611 7.5e-06 1.5e-05 47500.0 27500.0
sol612 7.5e-06 1.5e-05 47500.0 29375.0
sol613 7.5e-06 1.5e-05 47500.0 31250.0
sol614 7.5e-06 1.5e-05 47500.0 33125.0
sol615 7.5e-06 1.5e-05 47500.0 35000.0
sol616 7.5e-06 1.5e-05 48750.0 27500.0
sol617 7.5e-06 1.5e-05 48750.0 29375.0
sol618 7.5e-06 1.5e-05 48750.0 31250.0
sol619 7.5e-06 1.5e-05 48750.0 33125.0
sol620 7.5e-06 1.5e-05 48750.0 35000.0
sol621 7.5e-06 1.5e-05 50000.0 27500.0
sol622 7.5e-06 1.5e-05 50000.0 29375.0
sol623 7.5e-06 1.5e-05 50000.0 31250.0
sol624 7.5e-06 1.5e-05 50000.0 33125.0
sol625 7.5e-06 1.5e-05 50000.0 35000.0
sol700 8.5e-06 1e-05 45000.0 27500.0
sol701 8.5e-06 1e-05 45000.0 32000.0
sol702 8.5e-06 1e-05 50000.0 27500.0
sol703 8.5e-06 1e-05 50000.0 32000.0
sol704 8.5e-06 1.5e-05 45000.0 27500.0
sol705 8.5e-06 1.5e-05 45000.0 32000.0
sol706 8.5e-06 1.5e-05 50000.0 27500.0
sol707 8.5e-06 1.5e-05 50000.0 32000.0
sol708 1e-05 1e-05 45000.0 27500.0
sol709 1e-05 1e-05 45000.0 32000.0
sol710 1e-05 1e-05 50000.0 27500.0
sol711 1e-05 1e-05 50000.0 32000.0
sol712 1e-05 1.5e-05 45000.0 27500.0
sol713 1e-05 1.5e-05 45000.0 32000.0
sol714 1e-05 1.5e-05 50000.0 27500.0
sol715 1e-05 1.5e-05 50000.0 32000.0
sol800,8.5e-06,1.5e-06,50000,31000.0,6.5e-14,3.9e-14
sol800,8.5e-06,1.5e-05,50000,31000.0,6.5e-14,3.9e-14
sol801,8.5e-06,1.5e-05,50000,32000.0,6.5e-14,3.9e-14
sol802,8.5e-06,1.5e-05,50000,33000.0,6.5e-14,3.9e-14
sol803,8.5e-06,1.5e-05,50000,34000.0,6.5e-14,3.9e-14
sol804,8.5e-06,1.5e-05,50000,35000.0,6.5e-14,3.9e-14
sol805,8.5e-06,1.6e-05,51000.0,32000.0,6.5e-14,3.9e-14
sol806,8.5e-06,1.6e-05,51000.0,33500.0,6.5e-14,3.9e-14
sol807,8.5e-06,1.6e-05,51000.0,35000.0,6.5e-14,3.9e-14
sol808,8.5e-06,1.6e-05,53000.0,32000.0,6.5e-14,3.9e-14
sol809,8.5e-06,1.6e-05,53000.0,33500.0,6.5e-14,3.9e-14
sol810,8.5e-06,1.6e-05,53000.0,35000.0,6.5e-14,3.9e-14
sol811,8.5e-06,1.6e-05,55000.0,32000.0,6.5e-14,3.9e-14
sol812,8.5e-06,1.6e-05,55000.0,33500.0,6.5e-14,3.9e-14
sol813,8.5e-06,1.6e-05,55000.0,35000.0,6.5e-14,3.9e-14
sol814,8.5e-06,9.8e-05,51000.0,32000.0,6.5e-14,3.9e-14
sol815,8.5e-06,9.8e-05,51000.0,33500.0,6.5e-14,3.9e-14
sol816,8.5e-06,9.8e-05,51000.0,35000.0,6.5e-14,3.9e-14
sol817,8.5e-06,9.8e-05,53000.0,32000.0,6.5e-14,3.9e-14
sol818,8.5e-06,9.8e-05,53000.0,33500.0,6.5e-14,3.9e-14
sol819,8.5e-06,9.8e-05,53000.0,35000.0,6.5e-14,3.9e-14
sol820,8.5e-06,9.8e-05,55000.0,32000.0,6.5e-14,3.9e-14
sol821,8.5e-06,9.8e-05,55000.0,33500.0,6.5e-14,3.9e-14
sol822,8.5e-06,9.8e-05,55000.0,35000.0,6.5e-14,3.9e-14
sol823,8.5e-06,0.00018,51000.0,32000.0,6.5e-14,3.9e-14
sol824,8.5e-06,0.00018,51000.0,33500.0,6.5e-14,3.9e-14
sol825,8.5e-06,0.00018,51000.0,35000.0,6.5e-14,3.9e-14
sol826,8.5e-06,0.00018,53000.0,32000.0,6.5e-14,3.9e-14
sol827,8.5e-06,0.00018,53000.0,33500.0,6.5e-14,3.9e-14
sol828,8.5e-06,0.00018,53000.0,35000.0,6.5e-14,3.9e-14
sol829,8.5e-06,0.00018,55000.0,32000.0,6.5e-14,3.9e-14
sol830,8.5e-06,0.00018,55000.0,33500.0,6.5e-14,3.9e-14
sol831,8.5e-06,0.00018,55000.0,35000.0,6.5e-14,3.9e-14
